000000000 0,00143
000000001 0,00229
000000010 0,00286
000000011 0,00229
000000100 0,00229
000000101 0,00114
000000110 0,00114
000000111 0,00343
000001000 0,00200
000001001 0,00114
000001010 0,00229
000001011 0,00114
000001100 0,00171
000001101 0,00114
000001110 0,00200
000001111 0,00343
000010000 0,00200
000010001 0,00171
000010010 0,00343
000010011 0,00143
000010100 0,00114
000010101 0,00143
000010110 0,00229
000010111 0,00143
000011000 0,00229
000011001 0,00143
000011010 0,00143
000011011 0,00086
000011100 0,00114
000011101 0,00143
000011110 0,00200
000011111 0,00171
000100000 0,00171
000100001 0,00314
000100010 0,00057
000100011 0,00143
000100100 0,00114
000100101 0,00343
000100110 0,00200
000100111 0,00114
000101000 0,00314
000101001 0,00057
000101010 0,00171
000101011 0,00229
000101100 0,00257
000101101 0,00171
000101110 0,00229
000101111 0,00314
000110000 0,00114
000110001 0,00257
000110010 0,00257
000110011 0,00200
000110100 0,00229
000110101 0,00286
000110110 0,00257
000110111 0,00114
000111000 0,00171
000111001 0,00086
000111010 0,00143
000111011 0,00371
000111100 0,00200
000111101 0,00086
000111110 0,00114
000111111 0,00171
001000000 0,00086
001000001 0,00200
001000010 0,00171
001000011 0,00257
001000100 0,00200
001000101 0,00429
001000110 0,00114
001000111 0,00029
001001000 0,00029
001001001 0,00257
001001010 0,00229
001001011 0,00257
001001100 0,00257
001001101 0,00143
001001110 0,00057
001001111 0,00171
001010000 0,00257
001010001 0,00314
001010010 0,00229
001010011 0,00314
001010100 0,00200
001010101 0,00200
001010110 0,00257
001010111 0,00114
001011000 0,00114
001011001 0,00200
001011010 0,00229
001011011 0,00257
001011100 0,00200
001011101 0,00200
001011110 0,00114
001011111 0,00200
001100000 0,00286
001100001 0,00143
001100010 0,00200
001100011 0,00143
001100100 0,00257
001100101 0,00286
001100110 0,00171
001100111 0,00143
001101000 0,00229
001101001 0,00114
001101010 0,00057
001101011 0,00171
001101100 0,00314
001101101 0,00143
001101110 0,00200
001101111 0,00343
001110000 0,00143
001110001 0,00086
001110010 0,00171
001110011 0,00171
001110100 0,00200
001110101 0,00171
001110110 0,00029
001110111 0,00171
001111000 0,00143
001111001 0,00114
001111010 0,00086
001111011 0,00286
001111100 0,00200
001111101 0,00143
001111110 0,00257
001111111 0,00314
010000000 0,00086
010000001 0,00029
010000010 0,00257
010000011 0,00229
010000100 0,00143
010000101 0,00114
010000110 0,00257
010000111 0,00200
010001000 0,00171
010001001 0,00286
010001010 0,00200
010001011 0,00314
010001100 0,00171
010001101 0,00057
010001110 0,00057
010001111 0,00143
010010000 0,00143
010010001 0,00314
010010010 0,00257
010010011 0,00200
010010100 0,00200
010010101 0,00114
010010110 0,00114
010010111 0,00114
010011000 0,00114
010011001 0,00200
010011010 0,00171
010011011 0,00200
010011100 0,00257
010011101 0,00200
010011110 0,00257
010011111 0,00257
010100000 0,00143
010100001 0,00257
010100010 0,00286
010100011 0,00086
010100100 0,00200
010100101 0,00314
010100110 0,00171
010100111 0,00200
010101000 0,00229
010101001 0,00057
010101010 0,00143
010101011 0,00171
010101100 0,00171
010101101 0,00143
010101110 0,00171
010101111 0,00057
010110000 0,00086
010110001 0,00114
010110010 0,00171
010110011 0,00171
010110100 0,00343
010110101 0,00086
010110110 0,00200
010110111 0,00286
010111000 0,00200
010111001 0,00143
010111010 0,00086
010111011 0,00171
010111100 0,00086
010111101 0,00257
010111110 0,00143
010111111 0,00200
011000000 0,00171
011000001 0,00200
011000010 0,00171
011000011 0,00086
011000100 0,00286
011000101 0,00200
011000110 0,00143
011000111 0,00029
011001000 0,00143
011001001 0,00086
011001010 0,00257
011001011 0,00286
011001100 0,00057
011001101 0,00200
011001110 0,00257
011001111 0,00114
011010000 0,00200
011010001 0,00171
011010010 0,00371
011010011 0,00171
011010100 0,00086
011010101 0,00200
011010110 0,00286
011010111 0,00229
011011000 0,00171
011011001 0,00257
011011010 0,00229
011011011 0,00086
011011100 0,00343
011011101 0,00200
011011110 0,00314
011011111 0,00171
011100000 0,00286
011100001 0,00057
011100010 0,00057
011100011 0,00143
011100100 0,00200
011100101 0,00229
011100110 0,00200
011100111 0,00286
011101000 0,00200
011101001 0,00257
011101010 0,00143
011101011 0,00086
011101100 0,00171
011101101 0,00200
011101110 0,00257
011101111 0,00171
011110000 0,00086
011110001 0,00286
011110010 0,00229
011110011 0,00200
011110100 0,00171
011110101 0,00114
011110110 0,00171
011110111 0,00171
011111000 0,00143
011111001 0,00171
011111010 0,00257
011111011 0,00314
011111100 0,00200
011111101 0,00057
011111110 0,00171
011111111 0,00057
100000000 0,00143
100000001 0,00143
100000010 0,00143
100000011 0,00314
100000100 0,00229
100000101 0,00200
100000110 0,00143
100000111 0,00114
100001000 0,00114
100001001 0,00143
100001010 0,00143
100001011 0,00200
100001100 0,00171
100001101 0,00171
100001110 0,00229
100001111 0,00229
100010000 0,00371
100010001 0,00257
100010010 0,00343
100010011 0,00257
100010100 0,00257
100010101 0,00314
100010110 0,00200
100010111 0,00429
100011000 0,00143
100011001 0,00171
100011010 0,00257
100011011 0,00343
100011100 0,00143
100011101 0,00229
100011110 0,00200
100011111 0,00114
100100000 0,00086
100100001 0,00343
100100010 0,00314
100100011 0,00229
100100100 0,00229
100100101 0,00171
100100110 0,00257
100100111 0,00200
100101000 0,00171
100101001 0,00143
100101010 0,00314
100101011 0,00200
100101100 0,00114
100101101 0,00371
100101110 0,00114
100101111 0,00314
100110000 0,00114
100110001 0,00257
100110010 0,00200
100110011 0,00314
100110100 0,00200
100110101 0,00171
100110110 0,00171
100110111 0,00143
100111000 0,00286
100111001 0,00114
100111010 0,00200
100111011 0,00143
100111100 0,00286
100111101 0,00114
100111110 0,00314
100111111 0,00057
101000000 0,00257
101000001 0,00200
101000010 0,00114
101000011 0,00029
101000100 0,00171
101000101 0,00257
101000110 0,00257
101000111 0,00257
101001000 0,00286
101001001 0,00200
101001010 0,00200
101001011 0,00143
101001100 0,00200
101001101 0,00286
101001110 0,00229
101001111 0,00257
101010000 0,00229
101010001 0,00143
101010010 0,00229
101010011 0,00200
101010100 0,00200
101010101 0,00286
101010110 0,00229
101010111 0,00257
101011000 0,00314
101011001 0,00057
101011010 0,00114
101011011 0,00171
101011100 0,00200
101011101 0,00143
101011110 0,00086
101011111 0,00314
101100000 0,00286
101100001 0,00114
101100010 0,00200
101100011 0,00171
101100100 0,00114
101100101 0,00286
101100110 0,00200
101100111 0,00143
101101000 0,00171
101101001 0,00143
101101010 0,00286
101101011 0,00286
101101100 0,00257
101101101 0,00171
101101110 0,00114
101101111 0,00257
101110000 0,00143
101110001 0,00257
101110010 0,00171
101110011 0,00143
101110100 0,00086
101110101 0,00200
101110110 0,00257
101110111 0,00114
101111000 0,00171
101111001 0,00200
101111010 0,00200
101111011 0,00257
101111100 0,00200
101111101 0,00171
101111110 0,00200
101111111 0,00229
110000000 0,00343
110000001 0,00171
110000010 0,00314
110000011 0,00286
110000100 0,00143
110000101 0,00086
110000110 0,00114
110000111 0,00400
110001000 0,00200
110001001 0,00086
110001010 0,00143
110001011 0,00200
110001100 0,00114
110001101 0,00343
110001110 0,00171
110001111 0,00114
110010000 0,00114
110010001 0,00229
110010010 0,00257
110010011 0,00229
110010100 0,00229
110010101 0,00229
110010110 0,00229
110010111 0,00229
110011000 0,00257
110011001 0,00257
110011010 0,00057
110011011 0,00171
110011100 0,00371
110011101 0,00086
110011110 0,00286
110011111 0,00343
110100000 0,00057
110100001 0,00200
110100010 0,00457
110100011 0,00171
110100100 0,00229
110100101 0,00200
110100110 0,00200
110100111 0,00286
110101000 0,00114
110101001 0,00171
110101010 0,00314
110101011 0,00086
110101100 0,00171
110101101 0,00200
110101110 0,00143
110101111 0,00200
110110000 0,00257
110110001 0,00286
110110010 0,00114
110110011 0,00343
110110100 0,00257
110110101 0,00286
110110110 0,00143
110110111 0,00143
110111000 0,00171
110111001 0,00171
110111010 0,00143
110111011 0,00143
110111100 0,00286
110111101 0,00200
110111110 0,00143
110111111 0,00257
111000000 0,00200
111000001 0,00229
111000010 0,00171
111000011 0,00257
111000100 0,00171
111000101 0,00114
111000110 0,00114
111000111 0,00286
111001000 0,00086
111001001 0,00314
111001010 0,00143
111001011 0,00171
111001100 0,00086
111001101 0,00314
111001110 0,00171
111001111 0,00257
111010000 0,00200
111010001 0,00143
111010010 0,00086
111010011 0,00171
111010100 0,00343
111010101 0,00171
111010110 0,00257
111010111 0,00257
111011000 0,00171
111011001 0,00229
111011010 0,00257
111011011 0,00171
111011100 0,00171
111011101 0,00286
111011110 0,00171
111011111 0,00229
111100000 0,00171
111100001 0,00114
111100010 0,00286
111100011 0,00229
111100100 0,00114
111100101 0,00114
111100110 0,00286
111100111 0,00171
111101000 0,00057
111101001 0,00171
111101010 0,00257
111101011 0,00200
111101100 0,00200
111101101 0,00200
111101110 0,00257
111101111 0,00286
111110000 0,00257
111110001 0,00171
111110010 0,00200
111110011 0,00200
111110100 0,00371
111110101 0,00029
111110110 0,00229
111110111 0,00171
111111000 0,00229
111111001 0,00200
111111010 0,00257
111111011 0,00143
111111100 0,00143
111111101 0,00171
111111110 0,00343
111111111 0,00200