0000000  0,00822
0000001  0,00756
0000010  0,00889
0000011  0,00867
0000100  0,00667
0000101  0,00778
0000110  0,00756
0000111  0,00756
0001000  0,00756
0001001  0,00778
0001010  0,00933
0001011  0,00978
0001100  0,00867
0001101  0,00578
0001110  0,00667
0001111  0,00956
0010000  0,00844
0010001  0,00622
0010010  0,00822
0010011  0,00778
0010100  0,00578
0010101  0,00711
0010110  0,00667
0010111  0,00889
0011000  0,00778
0011001  0,00733
0011010  0,00867
0011011  0,00956
0011100  0,01067
0011101  0,00644
0011110  0,00711
0011111  0,01067
0100000  0,00689
0100001  0,00844
0100010  0,01067
0100011  0,00733
0100100  0,00889
0100101  0,00711
0100110  0,00867
0100111  0,01022
0101000  0,00778
0101001  0,00711
0101010  0,00733
0101011  0,01022
0101100  0,00622
0101101  0,01000
0101110  0,00689
0101111  0,00800
0110000  0,00600
0110001  0,00578
0110010  0,00956
0110011  0,00711
0110100  0,01133
0110101  0,00778
0110110  0,00556
0110111  0,00844
0111000  0,00533
0111001  0,00733
0111010  0,00778
0111011  0,00733
0111100  0,00667
0111101  0,00644
0111110  0,00733
0111111  0,00778
1000000  0,00711
1000001  0,00778
1000010  0,00711
1000011  0,00733
1000100  0,00778
1000101  0,00956
1000110  0,01022
1000111  0,00756
1001000  0,00689
1001001  0,00600
1001010  0,00778
1001011  0,00933
1001100  0,00667
1001101  0,00756
1001110  0,00756
1001111  0,00978
1010000  0,00800
1010001  0,00867
1010010  0,00711
1010011  0,00711
1010100  0,00733
1010101  0,00756
1010110  0,00800
1010111  0,00778
1011000  0,00622
1011001  0,01089
1011010  0,00933
1011011  0,00778
1011100  0,00844
1011101  0,00822
1011110  0,00756
1011111  0,00711
1100000  0,00622
1100001  0,00778
1100010  0,00756
1100011  0,00711
1100100  0,00556
1100101  0,00889
1100110  0,00689
1100111  0,00711
1101000  0,00489
1101001  0,00711
1101010  0,00889
1101011  0,00778
1101100  0,00622
1101101  0,00956
1101110  0,00644
1101111  0,00844
1110000  0,00800
1110001  0,00867
1110010  0,00711
1110011  0,00978
1110100  0,00622
1110101  0,00844
1110110  0,00689
1110111  0,00756
1111000  0,00667
1111001  0,00800
1111010  0,00867
1111011  0,00889
1111100  0,00733
1111101  0,00711
1111110  0,00844
1111111  0,00800